
agency_cd	site_no	parameter_cd	ts_id	month_nu	day_nu	begin_yr	end_yr	count_nu	max_va_yr	max_va	min_va_yr	min_va	mean_va	p05_va	p10_va	p20_va	p25_va	p50_va	p75_va	p80_va	p90_va	p95_va
USGS	01578310	00060	68118	1	1	1999	1999	1	1999	7140	1999	7140	7140					7140				
USGS	01578310	00060	68118	1	2	1999	1999	1	1999	6780	1999	6780	6780					6780				
USGS	01578310	00060	68118	1	3	1999	1999	1	1999	2300	1999	2300	2300					2300				
USGS	01578310	00060	68118	1	4	1999	1999	1	1999	16200	1999	16200	16200					16200				
USGS	01578310	00060	68118	1	5	1999	1999	1	1999	12200	1999	12200	12200					12200				
USGS	01578310	00060	68118	1	6	1999	1999	1	1999	11300	1999	11300	11300					11300				
USGS	01578310	00060	68118	1	7	1999	1999	1	1999	7140	1999	7140	7140					7140				
USGS	01578310	00060	68118	1	8	1999	1999	1	1999	8270	1999	8270	8270					8270				
USGS	01578310	00060	68118	1	9	1999	1999	1	1999	6970	1999	6970	6970					6970				
USGS	01578310	00060	68118	1	10	1999	1999	1	1999	2110	1999	2110	2110					2110				
USGS	01578310	00060	68118	1	11	1999	1999	1	1999	13400	1999	13400	13400					13400				
USGS	01578310	00060	68118	1	12	1999	1999	1	1999	11700	1999	11700	11700					11700				
USGS	01578310	00060	68118	1	13	1999	1999	1	1999	14300	1999	14300	14300					14300				
USGS	01578310	00060	68118	1	14	1999	1999	1	1999	18900	1999	18900	18900					18900				
USGS	01578310	00060	68118	1	15	1999	1999	1	1999	13100	1999	13100	13100					13100				
USGS	01578310	00060	68118	1	16	1999	1999	1	1999	6650	1999	6650	6650					6650				
USGS	01578310	00060	68118	1	17	1999	1999	1	1999	5420	1999	5420	5420					5420				
USGS	01578310	00060	68118	1	18	1999	1999	1	1999	23800	1999	23800	23800					23800				
USGS	01578310	00060	68118	1	19	1999	1999	1	1999	38800	1999	38800	38800					38800				
USGS	01578310	00060	68118	1	20	1999	1999	1	1999	32400	1999	32400	32400					32400				
USGS	01578310	00060	68118	1	21	1999	1999	1	1999	35400	1999	35400	35400					35400				
USGS	01578310	00060	68118	1	22	1999	1999	1	1999	38400	1999	38400	38400					38400				
USGS	01578310	00060	68118	1	23	1999	1999	1	1999	38700	1999	38700	38700					38700				
USGS	01578310	00060	68118	1	24	1999	1999	1	1999	77000	1999	77000	77000					77000				
USGS	01578310	00060	68118	1	25	1999	1999	1	1999	199000	1999	199000	199000					199000				
USGS	01578310	00060	68118	1	26	1999	1999	1	1999	222000	1999	222000	222000					222000				
USGS	01578310	00060	68118	1	27	1999	1999	1	1999	175000	1999	175000	175000					175000				
USGS	01578310	00060	68118	1	28	1999	1999	1	1999	135000	1999	135000	135000					135000				
USGS	01578310	00060	68118	1	29	1999	1999	1	1999	107000	1999	107000	107000					107000				
USGS	01578310	00060	68118	1	30	1999	1999	1	1999	81000	1999	81000	81000					81000				
USGS	01578310	00060	68118	1	31	1999	1999	1	1999	67700	1999	67700	67700					67700				
USGS	01578310	00060	68118	2	1	1999	1999	1	1999	54200	1999	54200	54200					54200				
USGS	01578310	00060	68118	2	2	1999	1999	1	1999	52100	1999	52100	52100					52100				
USGS	01578310	00060	68118	2	3	1999	1999	1	1999	49500	1999	49500	49500					49500				
USGS	01578310	00060	68118	2	4	1999	1999	1	1999	52900	1999	52900	52900					52900				
USGS	01578310	00060	68118	2	5	1999	1999	1	1999	59600	1999	59600	59600					59600				
USGS	01578310	00060	68118	2	6	1999	1999	1	1999	58800	1999	58800	58800					58800				
USGS	01578310	00060	68118	2	7	1999	1999	1	1999	49800	1999	49800	49800					49800				
USGS	01578310	00060	68118	2	8	1999	1999	1	1999	53400	1999	53400	53400					53400				
USGS	01578310	00060	68118	2	9	1999	1999	1	1999	56300	1999	56300	56300					56300				
USGS	01578310	00060	68118	2	10	1999	1999	1	1999	43000	1999	43000	43000					43000				
USGS	01578310	00060	68118	2	11	1999	1999	1	1999	39700	1999	39700	39700					39700				
USGS	01578310	00060	68118	2	12	1999	1999	1	1999	38100	1999	38100	38100					38100				
USGS	01578310	00060	68118	2	13	1999	1999	1	1999	38300	1999	38300	38300					38300				
USGS	01578310	00060	68118	2	14	1999	1999	1	1999	32800	1999	32800	32800					32800				
USGS	01578310	00060	68118	2	15	1999	1999	1	1999	47700	1999	47700	47700					47700				
USGS	01578310	00060	68118	2	16	1999	1999	1	1999	44600	1999	44600	44600					44600				
USGS	01578310	00060	68118	2	17	1999	1999	1	1999	47600	1999	47600	47600					47600				
USGS	01578310	00060	68118	2	18	1999	1999	1	1999	44300	1999	44300	44300					44300				
USGS	01578310	00060	68118	2	19	1999	1999	1	1999	47100	1999	47100	47100					47100				
USGS	01578310	00060	68118	2	20	1999	1999	1	1999	30300	1999	30300	30300					30300				
USGS	01578310	00060	68118	2	21	1999	1999	1	1999	31100	1999	31100	31100					31100				
USGS	01578310	00060	68118	2	22	1999	1999	1	1999	45500	1999	45500	45500					45500				
USGS	01578310	00060	68118	2	23	1999	1999	1	1999	36400	1999	36400	36400					36400				
USGS	01578310	00060	68118	2	24	1999	1999	1	1999	27700	1999	27700	27700					27700				
USGS	01578310	00060	68118	2	25	1999	1999	1	1999	23100	1999	23100	23100					23100				
USGS	01578310	00060	68118	2	26	1999	1999	1	1999	27700	1999	27700	27700					27700				
USGS	01578310	00060	68118	2	27	1999	1999	1	1999	16200	1999	16200	16200					16200				
USGS	01578310	00060	68118	2	28	1999	1999	1	1999	19000	1999	19000	19000					19000				
USGS	01578310	00060	68118	3	1	1999	1999	1	1999	26300	1999	26300	26300					26300				
USGS	01578310	00060	68118	3	2	1999	1999	1	1999	24600	1999	24600	24600					24600				
USGS	01578310	00060	68118	3	3	1999	1999	1	1999	23200	1999	23200	23200					23200				
USGS	01578310	00060	68118	3	4	1999	1999	1	1999	36600	1999	36600	36600					36600				
USGS	01578310	00060	68118	3	5	1999	1999	1	1999	56600	1999	56600	56600					56600				
USGS	01578310	00060	68118	3	6	1999	1999	1	1999	80300	1999	80300	80300					80300				
USGS	01578310	00060	68118	3	7	1999	1999	1	1999	84700	1999	84700	84700					84700				
USGS	01578310	00060	68118	3	8	1999	1999	1	1999	79300	1999	79300	79300					79300				
USGS	01578310	00060	68118	3	9	1999	1999	1	1999	72200	1999	72200	72200					72200				
USGS	01578310	00060	68118	3	10	1999	1999	1	1999	50600	1999	50600	50600					50600				
USGS	01578310	00060	68118	3	11	1999	1999	1	1999	44000	1999	44000	44000					44000				
USGS	01578310	00060	68118	3	12	1999	1999	1	1999	41000	1999	41000	41000					41000				
USGS	01578310	00060	68118	3	13	1999	1999	1	1999	31300	1999	31300	31300					31300				
USGS	01578310	00060	68118	3	14	1999	1999	1	1999	29000	1999	29000	29000					29000				
USGS	01578310	00060	68118	3	15	1999	1999	1	1999	38300	1999	38300	38300					38300				
USGS	01578310	00060	68118	3	16	1999	1999	1	1999	35700	1999	35700	35700					35700				
USGS	01578310	00060	68118	3	17	1999	1999	1	1999	34500	1999	34500	34500					34500				
USGS	01578310	00060	68118	3	18	1999	1999	1	1999	37900	1999	37900	37900					37900				
USGS	01578310	00060	68118	3	19	1999	1999	1	1999	39900	1999	39900	39900					39900				
USGS	01578310	00060	68118	3	20	1999	1999	1	1999	44000	1999	44000	44000					44000				
USGS	01578310	00060	68118	3	21	1999	1999	1	1999	58900	1999	58900	58900					58900				
USGS	01578310	00060	68118	3	22	1999	1999	1	1999	69100	1999	69100	69100					69100				
USGS	01578310	00060	68118	3	23	1999	1999	1	1999	70300	1999	70300	70300					70300				
USGS	01578310	00060	68118	3	24	1999	1999	1	1999	69800	1999	69800	69800					69800				
USGS	01578310	00060	68118	3	25	1999	1999	1	1999	69900	1999	69900	69900					69900				
USGS	01578310	00060	68118	3	26	1999	1999	1	1999	63900	1999	63900	63900					63900				
USGS	01578310	00060	68118	3	27	1999	1999	1	1999	60300	1999	60300	60300					60300				
USGS	01578310	00060	68118	3	28	1999	1999	1	1999	55800	1999	55800	55800					55800				
USGS	01578310	00060	68118	3	29	1999	1999	1	1999	61600	1999	61600	61600					61600				
USGS	01578310	00060	68118	3	30	1999	1999	1	1999	61600	1999	61600	61600					61600				
USGS	01578310	00060	68118	3	31	1999	1999	1	1999	57700	1999	57700	57700					57700				
USGS	01578310	00060	68118	4	1	1999	1999	1	1999	62800	1999	62800	62800					62800				
USGS	01578310	00060	68118	4	2	1999	1999	1	1999	56700	1999	56700	56700					56700				
USGS	01578310	00060	68118	4	3	1999	1999	1	1999	57000	1999	57000	57000					57000				
USGS	01578310	00060	68118	4	4	1999	1999	1	1999	57100	1999	57100	57100					57100				
USGS	01578310	00060	68118	4	5	1999	1999	1	1999	69900	1999	69900	69900					69900				
USGS	01578310	00060	68118	4	6	1999	1999	1	1999	70100	1999	70100	70100					70100				
USGS	01578310	00060	68118	4	7	1999	1999	1	1999	58200	1999	58200	58200					58200				
USGS	01578310	00060	68118	4	8	1999	1999	1	1999	57600	1999	57600	57600					57600				
USGS	01578310	00060	68118	4	9	1999	1999	1	1999	56400	1999	56400	56400					56400				
USGS	01578310	00060	68118	4	10	1999	1999	1	1999	51900	1999	51900	51900					51900				
USGS	01578310	00060	68118	4	11	1999	1999	1	1999	70700	1999	70700	70700					70700				
USGS	01578310	00060	68118	4	12	1999	1999	1	1999	71900	1999	71900	71900					71900				
USGS	01578310	00060	68118	4	13	1999	1999	1	1999	73300	1999	73300	73300					73300				
USGS	01578310	00060	68118	4	14	1999	1999	1	1999	73400	1999	73400	73400					73400				
USGS	01578310	00060	68118	4	15	1999	1999	1	1999	70600	1999	70600	70600					70600				
USGS	01578310	00060	68118	4	16	1999	1999	1	1999	62300	1999	62300	62300					62300				
USGS	01578310	00060	68118	4	17	1999	1999	1	1999	60500	1999	60500	60500					60500				
USGS	01578310	00060	68118	4	18	1999	1999	1	1999	41400	1999	41400	41400					41400				
USGS	01578310	00060	68118	4	19	1999	1999	1	1999	53500	1999	53500	53500					53500				
USGS	01578310	00060	68118	4	20	1999	1999	1	1999	46400	1999	46400	46400					46400				
USGS	01578310	00060	68118	4	21	1999	1999	1	1999	50200	1999	50200	50200					50200				
USGS	01578310	00060	68118	4	22	1999	1999	1	1999	42200	1999	42200	42200					42200				
USGS	01578310	00060	68118	4	23	1999	1999	1	1999	47200	1999	47200	47200					47200				
USGS	01578310	00060	68118	4	24	1999	1999	1	1999	43600	1999	43600	43600					43600				
USGS	01578310	00060	68118	4	25	1999	1999	1	1999	38100	1999	38100	38100					38100				
USGS	01578310	00060	68118	4	26	1999	1999	1	1999	50200	1999	50200	50200					50200				
USGS	01578310	00060	68118	4	27	1999	1999	1	1999	53300	1999	53300	53300					53300				
USGS	01578310	00060	68118	4	28	1999	1999	1	1999	55300	1999	55300	55300					55300				
USGS	01578310	00060	68118	4	29	1999	1999	1	1999	44500	1999	44500	44500					44500				
USGS	01578310	00060	68118	4	30	1999	1999	1	1999	45500	1999	45500	45500					45500				
USGS	01578310	00060	68118	5	1	1999	1999	1	1999	36400	1999	36400	36400					36400				
USGS	01578310	00060	68118	5	2	1999	1999	1	1999	30500	1999	30500	30500					30500				
USGS	01578310	00060	68118	5	3	1999	1999	1	1999	31500	1999	31500	31500					31500				
USGS	01578310	00060	68118	5	4	1999	1999	1	1999	25300	1999	25300	25300					25300				
USGS	01578310	00060	68118	5	5	1999	1999	1	1999	25400	1999	25400	25400					25400				
USGS	01578310	00060	68118	5	6	1999	1999	1	1999	22100	1999	22100	22100					22100				
USGS	01578310	00060	68118	5	7	1999	1999	1	1999	20600	1999	20600	20600					20600				
USGS	01578310	00060	68118	5	8	1999	1999	1	1999	17800	1999	17800	17800					17800				
USGS	01578310	00060	68118	5	9	1999	1999	1	1999	15000	1999	15000	15000					15000				
USGS	01578310	00060	68118	5	10	1999	1999	1	1999	30900	1999	30900	30900					30900				
USGS	01578310	00060	68118	5	11	1999	1999	1	1999	33200	1999	33200	33200					33200				
USGS	01578310	00060	68118	5	12	1999	1999	1	1999	25300	1999	25300	25300					25300				
USGS	01578310	00060	68118	5	13	1999	1999	1	1999	20400	1999	20400	20400					20400				
USGS	01578310	00060	68118	5	14	1999	1999	1	1999	19600	1999	19600	19600					19600				
USGS	01578310	00060	68118	5	15	1999	1999	1	1999	16300	1999	16300	16300					16300				
USGS	01578310	00060	68118	5	16	1999	1999	1	1999	13300	1999	13300	13300					13300				
USGS	01578310	00060	68118	5	17	1999	1999	1	1999	26000	1999	26000	26000					26000				
USGS	01578310	00060	68118	5	18	1999	1999	1	1999	19600	1999	19600	19600					19600				
USGS	01578310	00060	68118	5	19	1999	1999	1	1999	14400	1999	14400	14400					14400				
USGS	01578310	00060	68118	5	20	1999	1999	1	1999	13300	1999	13300	13300					13300				
USGS	01578310	00060	68118	5	21	1999	1999	1	1999	15400	1999	15400	15400					15400				
USGS	01578310	00060	68118	5	22	1999	1999	1	1999	15800	1999	15800	15800					15800				
USGS	01578310	00060	68118	5	23	1999	1999	1	1999	10900	1999	10900	10900					10900				
USGS	01578310	00060	68118	5	24	1999	1999	1	1999	18400	1999	18400	18400					18400				
USGS	01578310	00060	68118	5	25	1999	1999	1	1999	16700	1999	16700	16700					16700				
USGS	01578310	00060	68118	5	26	1999	1999	1	1999	13600	1999	13600	13600					13600				
USGS	01578310	00060	68118	5	27	1999	1999	1	1999	14300	1999	14300	14300					14300				
USGS	01578310	00060	68118	5	28	1999	1999	1	1999	16100	1999	16100	16100					16100				
USGS	01578310	00060	68118	5	29	1999	1999	1	1999	14000	1999	14000	14000					14000				
USGS	01578310	00060	68118	5	30	1999	1999	1	1999	14600	1999	14600	14600					14600				
USGS	01578310	00060	68118	5	31	1999	1999	1	1999	12800	1999	12800	12800					12800				
USGS	01578310	00060	68118	6	1	1999	1999	1	1999	12800	1999	12800	12800					12800				
USGS	01578310	00060	68118	6	2	1999	1999	1	1999	10200	1999	10200	10200					10200				
USGS	01578310	00060	68118	6	3	1999	1999	1	1999	14000	1999	14000	14000					14000				
USGS	01578310	00060	68118	6	4	1999	1999	1	1999	11100	1999	11100	11100					11100				
USGS	01578310	00060	68118	6	5	1999	1999	1	1999	8950	1999	8950	8950					8950				
USGS	01578310	00060	68118	6	6	1999	1999	1	1999	7850	1999	7850	7850					7850				
USGS	01578310	00060	68118	6	7	1999	1999	1	1999	15000	1999	15000	15000					15000				
USGS	01578310	00060	68118	6	8	1999	1999	1	1999	10300	1999	10300	10300					10300				
USGS	01578310	00060	68118	6	9	1999	1999	1	1999	6510	1999	6510	6510					6510				
USGS	01578310	00060	68118	6	10	1999	1999	1	1999	5820	1999	5820	5820					5820				
USGS	01578310	00060	68118	6	11	1999	1999	1	1999	5850	1999	5850	5850					5850				
USGS	01578310	00060	68118	6	12	1999	1999	1	1999	5850	1999	5850	5850					5850				
USGS	01578310	00060	68118	6	13	1999	1999	1	1999	5780	1999	5780	5780					5780				
USGS	01578310	00060	68118	6	14	1999	1999	1	1999	5850	1999	5850	5850					5850				
USGS	01578310	00060	68118	6	15	1999	1999	1	1999	5850	1999	5850	5850					5850				
USGS	01578310	00060	68118	6	16	1999	1999	1	1999	4940	1999	4940	4940					4940				
USGS	01578310	00060	68118	6	17	1999	1999	1	1999	4970	1999	4970	4970					4970				
USGS	01578310	00060	68118	6	18	1999	1999	1	1999	6440	1999	6440	6440					6440				
USGS	01578310	00060	68118	6	19	1999	1999	1	1999	6270	1999	6270	6270					6270				
USGS	01578310	00060	68118	6	20	1999	1999	1	1999	6540	1999	6540	6540					6540				
USGS	01578310	00060	68118	6	21	1999	1999	1	1999	11500	1999	11500	11500					11500				
USGS	01578310	00060	68118	6	22	1999	1999	1	1999	10600	1999	10600	10600					10600				
USGS	01578310	00060	68118	6	23	1999	1999	1	1999	4900	1999	4900	4900					4900				
USGS	01578310	00060	68118	6	24	1999	1999	1	1999	5410	1999	5410	5410					5410				
USGS	01578310	00060	68118	6	25	1999	1999	1	1999	5000	1999	5000	5000					5000				
USGS	01578310	00060	68118	6	26	1999	1999	1	1999	6550	1999	6550	6550					6550				
USGS	01578310	00060	68118	6	27	1999	1999	1	1999	8390	1999	8390	8390					8390				
USGS	01578310	00060	68118	6	28	1999	1999	1	1999	7870	1999	7870	7870					7870				
USGS	01578310	00060	68118	6	29	1999	1999	1	1999	4800	1999	4800	4800					4800				
USGS	01578310	00060	68118	6	30	1999	1999	1	1999	4840	1999	4840	4840					4840				
USGS	01578310	00060	68118	7	1	1999	1999	1	1999	4760	1999	4760	4760					4760				
USGS	01578310	00060	68118	7	2	1999	1999	1	1999	4980	1999	4980	4980					4980				
USGS	01578310	00060	68118	7	3	1999	1999	1	1999	8350	1999	8350	8350					8350				
USGS	01578310	00060	68118	7	4	1999	1999	1	1999	6530	1999	6530	6530					6530				
USGS	01578310	00060	68118	7	5	1999	1999	1	1999	13600	1999	13600	13600					13600				
USGS	01578310	00060	68118	7	6	1999	1999	1	1999	13800	1999	13800	13800					13800				
USGS	01578310	00060	68118	7	7	1999	1999	1	1999	4880	1999	4880	4880					4880				
USGS	01578310	00060	68118	7	8	1999	1999	1	1999	4930	1999	4930	4930					4930				
USGS	01578310	00060	68118	7	9	1999	1999	1	1999	4920	1999	4920	4920					4920				
USGS	01578310	00060	68118	7	10	1999	1999	1	1999	4880	1999	4880	4880					4880				
USGS	01578310	00060	68118	7	11	1999	1999	1	1999	4770	1999	4770	4770					4770				
USGS	01578310	00060	68118	7	12	1999	1999	1	1999	4670	1999	4670	4670					4670				
USGS	01578310	00060	68118	7	13	1999	1999	1	1999	4960	1999	4960	4960					4960				
USGS	01578310	00060	68118	7	14	1999	1999	1	1999	4920	1999	4920	4920					4920				
USGS	01578310	00060	68118	7	15	1999	1999	1	1999	4930	1999	4930	4930					4930				
USGS	01578310	00060	68118	7	16	1999	1999	1	1999	5010	1999	5010	5010					5010				
USGS	01578310	00060	68118	7	17	1999	1999	1	1999	4930	1999	4930	4930					4930				
USGS	01578310	00060	68118	7	18	1999	1999	1	1999	4720	1999	4720	4720					4720				
USGS	01578310	00060	68118	7	19	1999	1999	1	1999	4480	1999	4480	4480					4480				
USGS	01578310	00060	68118	7	20	1999	1999	1	1999	4320	1999	4320	4320					4320				
USGS	01578310	00060	68118	7	21	1999	1999	1	1999	4110	1999	4110	4110					4110				
USGS	01578310	00060	68118	7	22	1999	1999	1	1999	4520	1999	4520	4520					4520				
USGS	01578310	00060	68118	7	23	1999	1999	1	1999	4830	1999	4830	4830					4830				
USGS	01578310	00060	68118	7	24	1999	1999	1	1999	5060	1999	5060	5060					5060				
USGS	01578310	00060	68118	7	25	1999	1999	1	1999	4650	1999	4650	4650					4650				
USGS	01578310	00060	68118	7	26	1999	1999	1	1999	4340	1999	4340	4340					4340				
USGS	01578310	00060	68118	7	27	1999	1999	1	1999	3950	1999	3950	3950					3950				
USGS	01578310	00060	68118	7	28	1999	1999	1	1999	3860	1999	3860	3860					3860				
USGS	01578310	00060	68118	7	29	1999	1999	1	1999	3550	1999	3550	3550					3550				
USGS	01578310	00060	68118	7	30	1999	1999	1	1999	3530	1999	3530	3530					3530				
USGS	01578310	00060	68118	7	31	1999	1999	1	1999	3730	1999	3730	3730					3730				
USGS	01578310	00060	68118	8	1	1999	1999	1	1999	3840	1999	3840	3840					3840				
USGS	01578310	00060	68118	8	2	1999	1999	1	1999	3840	1999	3840	3840					3840				
USGS	01578310	00060	68118	8	3	1999	1999	1	1999	3560	1999	3560	3560					3560				
USGS	01578310	00060	68118	8	4	1999	1999	1	1999	2990	1999	2990	2990					2990				
USGS	01578310	00060	68118	8	5	1999	1999	1	1999	2840	1999	2840	2840					2840				
USGS	01578310	00060	68118	8	6	1999	1999	1	1999	2790	1999	2790	2790					2790				
USGS	01578310	00060	68118	8	7	1999	1999	1	1999	2460	1999	2460	2460					2460				
USGS	01578310	00060	68118	8	8	1999	1999	1	1999	2500	1999	2500	2500					2500				
USGS	01578310	00060	68118	8	9	1999	1999	1	1999	2700	1999	2700	2700					2700				
USGS	01578310	00060	68118	8	10	1999	1999	1	1999	2560	1999	2560	2560					2560				
USGS	01578310	00060	68118	8	11	1999	1999	1	1999	2620	1999	2620	2620					2620				
USGS	01578310	00060	68118	8	12	1999	1999	1	1999	2580	1999	2580	2580					2580				
USGS	01578310	00060	68118	8	13	1999	1999	1	1999	2270	1999	2270	2270					2270				
USGS	01578310	00060	68118	8	14	1999	1999	1	1999	6000	1999	6000	6000					6000				
USGS	01578310	00060	68118	8	15	1999	1999	1	1999	4560	1999	4560	4560					4560				
USGS	01578310	00060	68118	8	16	1999	1999	1	1999	4980	1999	4980	4980					4980				
USGS	01578310	00060	68118	8	17	1999	1999	1	1999	7310	1999	7310	7310					7310				
USGS	01578310	00060	68118	8	18	1999	1999	1	1999	10700	1999	10700	10700					10700				
USGS	01578310	00060	68118	8	19	1999	1999	1	1999	4310	1999	4310	4310					4310				
USGS	01578310	00060	68118	8	20	1999	1999	1	1999	3440	1999	3440	3440					3440				
USGS	01578310	00060	68118	8	21	1999	1999	1	1999	4290	1999	4290	4290					4290				
USGS	01578310	00060	68118	8	22	1999	1999	1	1999	6810	1999	6810	6810					6810				
USGS	01578310	00060	68118	8	23	1999	1999	1	1999	11500	1999	11500	11500					11500				
USGS	01578310	00060	68118	8	24	1999	1999	1	1999	9270	1999	9270	9270					9270				
USGS	01578310	00060	68118	8	25	1999	1999	1	1999	11400	1999	11400	11400					11400				
USGS	01578310	00060	68118	8	26	1999	1999	1	1999	6370	1999	6370	6370					6370				
USGS	01578310	00060	68118	8	27	1999	1999	1	1999	13000	1999	13000	13000					13000				
USGS	01578310	00060	68118	8	28	1999	1999	1	1999	4880	1999	4880	4880					4880				
USGS	01578310	00060	68118	8	29	1999	1999	1	1999	7480	1999	7480	7480					7480				
USGS	01578310	00060	68118	8	30	1999	1999	1	1999	5650	1999	5650	5650					5650				
USGS	01578310	00060	68118	8	31	1999	1999	1	1999	4910	1999	4910	4910					4910				
USGS	01578310	00060	68118	9	1	1999	1999	1	1999	4660	1999	4660	4660					4660				
USGS	01578310	00060	68118	9	2	1999	1999	1	1999	9200	1999	9200	9200					9200				
USGS	01578310	00060	68118	9	3	1999	1999	1	1999	6730	1999	6730	6730					6730				
USGS	01578310	00060	68118	9	4	1999	1999	1	1999	3860	1999	3860	3860					3860				
USGS	01578310	00060	68118	9	5	1999	1999	1	1999	3620	1999	3620	3620					3620				
USGS	01578310	00060	68118	9	6	1999	1999	1	1999	4050	1999	4050	4050					4050				
USGS	01578310	00060	68118	9	7	1999	1999	1	1999	19200	1999	19200	19200					19200				
USGS	01578310	00060	68118	9	8	1999	1999	1	1999	44700	1999	44700	44700					44700				
USGS	01578310	00060	68118	9	9	1999	1999	1	1999	24700	1999	24700	24700					24700				
USGS	01578310	00060	68118	9	10	1999	1999	1	1999	16300	1999	16300	16300					16300				
USGS	01578310	00060	68118	9	11	1999	1999	1	1999	12800	1999	12800	12800					12800				
USGS	01578310	00060	68118	9	12	1999	1999	1	1999	5150	1999	5150	5150					5150				
USGS	01578310	00060	68118	9	13	1999	1999	1	1999	5170	1999	5170	5170					5170				
USGS	01578310	00060	68118	9	14	1999	1999	1	1999	7920	1999	7920	7920					7920				
USGS	01578310	00060	68118	9	15	1999	1999	1	1999	9310	1999	9310	9310					9310				
USGS	01578310	00060	68118	9	16	1999	1999	1	1999	48500	1999	48500	48500					48500				
USGS	01578310	00060	68118	9	17	1999	1999	1	1999	48500	1999	48500	48500					48500				
USGS	01578310	00060	68118	9	18	1999	1999	1	1999	52400	1999	52400	52400					52400				
USGS	01578310	00060	68118	9	19	1999	1999	1	1999	37600	1999	37600	37600					37600				
USGS	01578310	00060	68118	9	20	1999	1999	1	1999	32300	1999	32300	32300					32300				
USGS	01578310	00060	68118	9	21	1999	1999	1	1999	34000	1999	34000	34000					34000				
USGS	01578310	00060	68118	9	22	1999	1999	1	1999	27800	1999	27800	27800					27800				
USGS	01578310	00060	68118	9	23	1999	1999	1	1999	22100	1999	22100	22100					22100				
USGS	01578310	00060	68118	9	24	1999	1999	1	1999	25800	1999	25800	25800					25800				
USGS	01578310	00060	68118	9	25	1999	1999	1	1999	15900	1999	15900	15900					15900				
USGS	01578310	00060	68118	9	26	1999	1999	1	1999	17900	1999	17900	17900					17900				
USGS	01578310	00060	68118	9	27	1999	1999	1	1999	27400	1999	27400	27400					27400				
USGS	01578310	00060	68118	9	28	1999	1999	1	1999	19200	1999	19200	19200					19200				
USGS	01578310	00060	68118	9	29	1999	1999	1	1999	19200	1999	19200	19200					19200				
USGS	01578310	00060	68118	9	30	1999	1999	1	1999	19100	1999	19100	19100					19100				
USGS	01578310	00060	68118	10	1	2000	2000	1	2000	37000	2000	37000	37000					37000				
USGS	01578310	00060	68118	10	2	2000	2000	1	2000	32500	2000	32500	32500					32500				
USGS	01578310	00060	68118	10	3	2000	2000	1	2000	30400	2000	30400	30400					30400				
USGS	01578310	00060	68118	10	4	2000	2000	1	2000	28800	2000	28800	28800					28800				
USGS	01578310	00060	68118	10	5	2000	2000	1	2000	31900	2000	31900	31900					31900				
USGS	01578310	00060	68118	10	6	2000	2000	1	2000	34400	2000	34400	34400					34400				
USGS	01578310	00060	68118	10	7	2000	2000	1	2000	19100	2000	19100	19100					19100				
USGS	01578310	00060	68118	10	8	2000	2000	1	2000	21900	2000	21900	21900					21900				
USGS	01578310	00060	68118	10	9	2000	2000	1	2000	21300	2000	21300	21300					21300				
USGS	01578310	00060	68118	10	10	2000	2000	1	2000	17300	2000	17300	17300					17300				
USGS	01578310	00060	68118	10	11	2000	2000	1	2000	24600	2000	24600	24600					24600				
USGS	01578310	00060	68118	10	12	2000	2000	1	2000	26900	2000	26900	26900					26900				
USGS	01578310	00060	68118	10	13	2000	2000	1	2000	22400	2000	22400	22400					22400				
USGS	01578310	00060	68118	10	14	2000	2000	1	2000	19300	2000	19300	19300					19300				
USGS	01578310	00060	68118	10	15	2000	2000	1	2000	16100	2000	16100	16100					16100				
USGS	01578310	00060	68118	10	16	2000	2000	1	2000	18400	2000	18400	18400					18400				
USGS	01578310	00060	68118	10	17	2000	2000	1	2000	18400	2000	18400	18400					18400				
USGS	01578310	00060	68118	10	18	2000	2000	1	2000	20800	2000	20800	20800					20800				
USGS	01578310	00060	68118	10	19	2000	2000	1	2000	20800	2000	20800	20800					20800				
USGS	01578310	00060	68118	10	20	2000	2000	1	2000	17200	2000	17200	17200					17200				
USGS	01578310	00060	68118	10	21	2000	2000	1	2000	13500	2000	13500	13500					13500				
USGS	01578310	00060	68118	10	22	2000	2000	1	2000	10400	2000	10400	10400					10400				
USGS	01578310	00060	68118	10	23	2000	2000	1	2000	12700	2000	12700	12700					12700				
USGS	01578310	00060	68118	10	24	2000	2000	1	2000	7050	2000	7050	7050					7050				
USGS	01578310	00060	68118	10	25	2000	2000	1	2000	18700	2000	18700	18700					18700				
USGS	01578310	00060	68118	10	26	2000	2000	1	2000	13200	2000	13200	13200					13200				
USGS	01578310	00060	68118	10	27	2000	2000	1	2000	13500	2000	13500	13500					13500				
USGS	01578310	00060	68118	10	28	2000	2000	1	2000	10800	2000	10800	10800					10800				
USGS	01578310	00060	68118	10	29	2000	2000	1	2000	7780	2000	7780	7780					7780				
USGS	01578310	00060	68118	10	30	2000	2000	1	2000	5490	2000	5490	5490					5490				
USGS	01578310	00060	68118	10	31	2000	2000	1	2000	5370	2000	5370	5370					5370				
USGS	01578310	00060	68118	11	1	2000	2000	1	2000	17900	2000	17900	17900					17900				
USGS	01578310	00060	68118	11	2	2000	2000	1	2000	13700	2000	13700	13700					13700				
USGS	01578310	00060	68118	11	3	2000	2000	1	2000	15000	2000	15000	15000					15000				
USGS	01578310	00060	68118	11	4	2000	2000	1	2000	9330	2000	9330	9330					9330				
USGS	01578310	00060	68118	11	5	2000	2000	1	2000	9230	2000	9230	9230					9230				
USGS	01578310	00060	68118	11	6	2000	2000	1	2000	12200	2000	12200	12200					12200				
USGS	01578310	00060	68118	11	7	2000	2000	1	2000	10300	2000	10300	10300					10300				
USGS	01578310	00060	68118	11	8	2000	2000	1	2000	15300	2000	15300	15300					15300				
USGS	01578310	00060	68118	11	9	2000	2000	1	2000	17800	2000	17800	17800					17800				
USGS	01578310	00060	68118	11	10	2000	2000	1	2000	13900	2000	13900	13900					13900				
USGS	01578310	00060	68118	11	11	2000	2000	1	2000	14900	2000	14900	14900					14900				
USGS	01578310	00060	68118	11	12	2000	2000	1	2000	12300	2000	12300	12300					12300				
USGS	01578310	00060	68118	11	13	2000	2000	1	2000	9690	2000	9690	9690					9690				
USGS	01578310	00060	68118	11	14	2000	2000	1	2000	5840	2000	5840	5840					5840				
USGS	01578310	00060	68118	11	15	2000	2000	1	2000	15500	2000	15500	15500					15500				
USGS	01578310	00060	68118	11	16	2000	2000	1	2000	12500	2000	12500	12500					12500				
USGS	01578310	00060	68118	11	17	2000	2000	1	2000	11600	2000	11600	11600					11600				
USGS	01578310	00060	68118	11	18	2000	2000	1	2000	11700	2000	11700	11700					11700				
USGS	01578310	00060	68118	11	19	2000	2000	1	2000	11500	2000	11500	11500					11500				
USGS	01578310	00060	68118	11	20	2000	2000	1	2000	4910	2000	4910	4910					4910				
USGS	01578310	00060	68118	11	21	2000	2000	1	2000	3610	2000	3610	3610					3610				
USGS	01578310	00060	68118	11	22	2000	2000	1	2000	11600	2000	11600	11600					11600				
USGS	01578310	00060	68118	11	23	2000	2000	1	2000	13500	2000	13500	13500					13500				
USGS	01578310	00060	68118	11	24	2000	2000	1	2000	15600	2000	15600	15600					15600				
USGS	01578310	00060	68118	11	25	2000	2000	1	2000	3610	2000	3610	3610					3610				
USGS	01578310	00060	68118	11	26	2000	2000	1	2000	9580	2000	9580	9580					9580				
USGS	01578310	00060	68118	11	27	2000	2000	1	2000	15000	2000	15000	15000					15000				
USGS	01578310	00060	68118	11	28	2000	2000	1	2000	23800	2000	23800	23800					23800				
USGS	01578310	00060	68118	11	29	2000	2000	1	2000	61200	2000	61200	61200					61200				
USGS	01578310	00060	68118	11	30	2000	2000	1	2000	66800	2000	66800	66800					66800				
USGS	01578310	00060	68118	12	1	2000	2000	1	2000	57000	2000	57000	57000					57000				
USGS	01578310	00060	68118	12	2	2000	2000	1	2000	38700	2000	38700	38700					38700				
USGS	01578310	00060	68118	12	3	2000	2000	1	2000	45800	2000	45800	45800					45800				
USGS	01578310	00060	68118	12	4	2000	2000	1	2000	27000	2000	27000	27000					27000				
USGS	01578310	00060	68118	12	5	2000	2000	1	2000	21000	2000	21000	21000					21000				
USGS	01578310	00060	68118	12	6	2000	2000	1	2000	33700	2000	33700	33700					33700				
USGS	01578310	00060	68118	12	7	2000	2000	1	2000	27600	2000	27600	27600					27600				
USGS	01578310	00060	68118	12	8	2000	2000	1	2000	26800	2000	26800	26800					26800				
USGS	01578310	00060	68118	12	9	2000	2000	1	2000	18600	2000	18600	18600					18600				
USGS	01578310	00060	68118	12	10	2000	2000	1	2000	16400	2000	16400	16400					16400				
USGS	01578310	00060	68118	12	11	2000	2000	1	2000	15900	2000	15900	15900					15900				
USGS	01578310	00060	68118	12	12	2000	2000	1	2000	13400	2000	13400	13400					13400				
USGS	01578310	00060	68118	12	13	2000	2000	1	2000	22000	2000	22000	22000					22000				
USGS	01578310	00060	68118	12	14	2000	2000	1	2000	22800	2000	22800	22800					22800				
USGS	01578310	00060	68118	12	15	2000	2000	1	2000	43000	2000	43000	43000					43000				
USGS	01578310	00060	68118	12	16	2000	2000	1	2000	51700	2000	51700	51700					51700				
USGS	01578310	00060	68118	12	17	2000	2000	1	2000	55200	2000	55200	55200					55200				
USGS	01578310	00060	68118	12	18	2000	2000	1	2000	53200	2000	53200	53200					53200				
USGS	01578310	00060	68118	12	19	2000	2000	1	2000	40500	2000	40500	40500					40500				
USGS	01578310	00060	68118	12	20	2000	2000	1	2000	48100	2000	48100	48100					48100				
USGS	01578310	00060	68118	12	21	2000	2000	1	2000	44800	2000	44800	44800					44800				
USGS	01578310	00060	68118	12	22	2000	2000	1	2000	43300	2000	43300	43300					43300				
USGS	01578310	00060	68118	12	23	2000	2000	1	2000	38200	2000	38200	38200					38200				
USGS	01578310	00060	68118	12	24	2000	2000	1	2000	36100	2000	36100	36100					36100				
USGS	01578310	00060	68118	12	25	2000	2000	1	2000	27700	2000	27700	27700					27700				
USGS	01578310	00060	68118	12	26	2000	2000	1	2000	28700	2000	28700	28700					28700				
USGS	01578310	00060	68118	12	27	2000	2000	1	2000	26000	2000	26000	26000					26000				
USGS	01578310	00060	68118	12	28	2000	2000	1	2000	24700	2000	24700	24700					24700				
USGS	01578310	00060	68118	12	29	2000	2000	1	2000	26400	2000	26400	26400					26400				
USGS	01578310	00060	68118	12	30	2000	2000	1	2000	24400	2000	24400	24400					24400				
USGS	01578310	00060	68118	12	31	2000	2000	1	2000	19300	2000	19300	19300					19300				

